10135	13.00	11.0	17.0	14.0
10136	37.00	3.0	22.0	13.0
10140	1.00	1.0	126.0	21.071428571428573
10141	22.00	4.0	4.0	4.0
10155	29.00	9.0	52.0	30.5
10157	96.00	87.0	87.0	87.0
10158	45.00	2.0	123.0	35.166666666666664
10185	3.00	1.0	17.0	10.333333333333334
10208	1.00	2.0	9.0	5.5
10257	77.00	1.0	241.0	38.5625
10268	223.00	2.0	2.0	2.0
10279	20.00	1.0	95.0	38.45454545454545
10299	1.00	3.0	375.0	50.10526315789474
10372	36.00	5.0	96.0	39.65
10397	48.00	1.0	653.0	32.32027649769585
10408	3.00	33.0	146.0	95.75
10423	5.00	1.0	321.0	27.628205128205128
10434	20.00	11.0	15.0	13.0
10469	39.00	1.0	122.0	55.666666666666664
10529	8.00	1.0	293.0	29.58139534883721
10561	96.00	3.0	89.0	29.5
10599	10.00	1.0	103.0	27.782608695652176
10620	5.00	38.0	38.0	38.0
10627	14.00	2.0	90.0	32.75
10685	36.00	66.0	241.0	153.5
10693	22.00	1.0	391.0	33.21052631578947
10713	4.00	1.0	102.0	32.03125
10721	42.00	1.0	282.0	37.046052631578945
10728	14.00	21.0	35.0	28.0
10754	37.00	2.0	26.0	14.0
10781	6.00	1.0	200.0	57.55555555555556
10785	61.00	2.0	144.0	66.6
10792	83.00	1.0	104.0	29.35
10800	2.00	1.0	192.0	27.11111111111111
10821	9.00	1.0	475.0	33.2972972972973
10849	20.00	1.0	214.0	50.166666666666664
10868	113.00	2.0	119.0	19.11111111111111
10874	27.00	2.0	83.0	24.1
10930	20.00	46.0	138.0	92.0
10980	14.00	54.0	54.0	54.0
10990	98.00	15.0	173.0	72.0
10994	1.00	1.0	67.0	14.5
11003	6.00	5.0	128.0	37.10526315789474
11042	13.00	1.0	208.0	38.333333333333336
11049	24.00	1.0	18.0	11.666666666666666
11057	1.00	1.0	263.0	25.572222222222223
11066	8.00	1.0	315.0	37.45614035087719
11067	30.00	1.0	125.0	40.75
11076	18.00	59.0	69.0	64.0
11109	13.00	3.0	101.0	29.0
11111	380.00	39.0	39.0	39.0
11122	5.00	26.0	98.0	62.0
11140	6.00	3.0	72.0	18.23076923076923
11146	6.00	12.0	20.0	16.0
11150	63.00	19.0	19.0	19.0
11193	8.00	1.0	179.0	34.6
11203	2.00	6.0	150.0	52.5
11259	14.00	1.0	200.0	27.11627906976744
11267	32.00	2.0	101.0	25.833333333333332
11274	9.00	83.0	83.0	83.0
11278	48.00	1.0	228.0	31.015151515151516
11292	16.00	1.0	412.0	36.62397820163488
11298	80.00	1.0	1125.0	37.922764227642276
11308	74.00	12.0	91.0	49.333333333333336
11315	5.00	12.0	29.0	20.5
11337	79.00	2.0	177.0	79.33333333333333
11413	122.00	12.0	40.0	22.5
11423	21.00	3.0	104.0	28.571428571428573
11433	9.00	1.0	514.0	36.798882681564244
11447	114.00	13.0	13.0	13.0
11471	164.00	3.0	264.0	93.0
11481	24.00	2.0	19.0	7.5
11503	1.00	3.0	63.0	30.4
11537	46.00	1.0	64.0	32.5
11540	2.00	1.0	140.0	22.96
11577	4.00	5.0	70.0	36.333333333333336
11587	245.00	35.0	35.0	35.0
11603	8.00	5.0	31.0	17.666666666666668
11612	38.00	12.0	101.0	43.25
11618	132.00	1.0	307.0	40.75776397515528
11637	6.00	1.0	48.0	18.055555555555557
11638	74.00	1.0	68.0	16.764705882352942
11641	10.00	9.0	9.0	9.0
11648	4.00	7.0	77.0	37.0
11695	3.00	18.0	18.0	18.0
11697	15.00	1.0	269.0	29.245454545454546
11721	8.00	1.0	96.0	38.333333333333336
11775	17.00	1.0	165.0	53.64705882352941
11823	129.00	7.0	71.0	34.666666666666664
11884	20.00	1.0	60.0	20.23076923076923
11898	2.00	7.0	7.0	7.0
11921	5.00	4.0	39.0	15.666666666666666
11953	5.00	2.0	38.0	11.166666666666666
11973	37.00	5.0	113.0	39.0
11977	1.00	1.0	113.0	37.77777777777778
11980	38.00	9.0	9.0	9.0
11982	6.00	3.0	148.0	33.1
11986	33.00	2.0	141.0	35.93103448275862
11995	34.00	1.0	307.0	54.285714285714285
11996	37.00	5.0	58.0	23.75
12003	2.00	4.0	12.0	8.0
12012	42.00	154.0	154.0	154.0
12094	12.00	2.0	25.0	13.333333333333334
12129	51.00	1.0	1.0	1.0
12173	21.00	1.0	191.0	21.322916666666668
12177	2.00	5.0	5.0	5.0
12191	4.00	1.0	171.0	26.068493150684933
12197	9.00	1.0	233.0	51.25
12206	13.00	15.0	33.0	23.333333333333332
12217	3.00	1.0	71.0	30.0
12255	15.00	13.0	13.0	13.0
12264	64.00	1.0	123.0	26.05952380952381
12265	26.00	38.0	38.0	38.0
12266	13.00	1.0	355.0	33.937282229965156
12278	138.00	1.0	186.0	49.666666666666664
12280	28.00	27.0	103.0	63.25
12339	3.00	1.0	262.0	35.64705882352941
12389	89.00	2.0	55.0	27.0
12391	59.00	10.0	240.0	63.5
12402	1.00	1.0	44.0	10.222222222222221
12441	10.00	1.0	320.0	65.11111111111111
12448	19.00	2.0	93.0	22.055555555555557
12451	99.00	1.0	95.0	24.11111111111111
12478	3.00	1.0	204.0	41.22435897435897
12511	32.00	12.0	12.0	12.0
12519	5.00	5.0	89.0	55.333333333333336
12523	1.00	5.0	51.0	28.0
12758	4.00	1.0	90.0	20.714285714285715
12819	35.00	4.0	43.0	17.0
12884	9.00	37.0	43.0	40.0
12889	9.00	1.0	251.0	30.283333333333335
12891	10.00	12.0	45.0	32.0
12892	22.00	1.0	462.0	31.3596214511041
12896	3.00	4.0	80.0	22.0
12898	94.00	2.0	2.0	2.0
12915	10.00	7.0	43.0	25.0
12945	28.00	2.0	125.0	30.5
12951	8.00	6.0	92.0	35.666666666666664
12953	65.00	1.0	331.0	39.96135265700483
12954	54.00	1.0	120.0	32.416666666666664
12982	1.00	1.0	189.0	23.05
12992	3.00	1.0	125.0	39.42857142857143
13029	107.00	1.0	123.0	44.0
13061	32.00	7.0	20.0	13.75
13076	43.00	8.0	50.0	23.333333333333332
13158	11.00	1.0	153.0	31.555555555555557
13184	62.00	6.0	8.0	6.666666666666667
13198	11.00	1.0	165.0	25.428571428571427
13204	19.00	1.0	306.0	32.31182795698925
13230	14.00	1.0	91.0	29.22222222222222
13232	59.00	1.0	206.0	23.553846153846155
13244	11.00	1.0	161.0	26.958333333333332
13256	70.00	1.0	65.0	22.09090909090909
13277	3.00	11.0	18.0	14.5
13290	45.00	4.0	16.0	10.0
13296	7.00	1.0	94.0	22.2
13303	9.00	1.0	207.0	29.027210884353742
13342	2.00	1.0	84.0	17.390243902439025
13367	205.00	5.0	152.0	44.6
13377	115.00	7.0	161.0	45.5
13422	100.00	5.0	90.0	34.6
13433	37.00	8.0	61.0	22.75
13476	186.00	2.0	98.0	31.142857142857142
13485	92.00	2.0	227.0	40.6875
13487	52.00	1.0	316.0	30.111801242236027
13495	3.00	1.0	199.0	31.949152542372882
13502	6.00	5.0	137.0	44.5
13577	12.00	7.0	87.0	34.0
13795	2.00	2.0	33.0	14.75
13796	56.00	1.0	156.0	27.87878787878788
13830	3.00	1.0	261.0	23.263157894736842
13851	1.00	1.0	126.0	25.38095238095238
13871	9.00	2.0	140.0	30.696969696969695
13891	7.00	1.0	97.0	22.655172413793103
13930	14.00	1.0	529.0	45.552102376599635
13931	4.00	2.0	166.0	32.10526315789474
14025	13.00	9.0	9.0	9.0
14027	16.00	1.0	121.0	25.340425531914892
14057	14.00	1.0	185.0	25.585714285714285
14098	9.00	7.0	15.0	10.0
14100	25.00	1.0	336.0	30.811475409836067
14107	5.00	1.0	240.0	32.275720164609055
14108	48.00	3.0	137.0	39.55555555555556
14113	5.00	2.0	3.0	2.5
14122	3.00	1.0	368.0	28.0
14193	176.00	1.0	24.0	6.375
14252	18.00	2.0	115.0	48.6
14262	3.00	1.0	170.0	23.125
14307	1.00	1.0	95.0	25.916666666666668
14321	97.00	1.0	29.0	18.333333333333332
14487	134.00	4.0	49.0	26.5
14489	8.00	2.0	51.0	21.2
14492	81.00	1.0	108.0	23.475409836065573
14524	10.00	1.0	103.0	22.833333333333332
14543	12.00	138.0	138.0	138.0
14570	2.00	1.0	149.0	24.566666666666666
14576	19.00	1.0	163.0	45.93333333333333
14588	10.00	2.0	2.0	2.0
14633	22.00	8.0	59.0	30.0
14635	484.00	1.0	185.0	30.416666666666668
14674	36.00	3.0	22.0	12.75
14679	29.00	1.0	201.0	20.923076923076923
14683	23.00	1.0	169.0	31.686567164179106
14685	11.00	8.0	68.0	27.3
14689	67.00	8.0	152.0	58.5
14696	47.00	1.0	157.0	65.25
14698	74.00	1.0	21.0	8.0
14711	33.00	3.0	3.0	3.0
14730	4.00	2.0	113.0	26.61111111111111
14747	18.00	1.0	348.0	32.75625
14771	12.00	1.0	556.0	45.22222222222222
14783	223.00	3.0	200.0	68.0
14794	27.00	3.0	9.0	6.0
14814	12.00	4.0	58.0	21.555555555555557
14828	6.00	24.0	24.0	24.0
14831	169.00	1.0	206.0	25.348484848484848
14842	5.00	15.0	15.0	15.0
14843	14.00	1.0	131.0	29.31111111111111
14869	133.00	1.0	213.0	25.06451612903226
14893	2.00	1.0	99.0	22.62264150943396
14908	22.00	1.0	66.0	17.04
14960	85.00	1.0	14.0	7.5
14986	22.00	5.0	178.0	56.25
15016	23.00	1.0	383.0	34.53012048192771
15024	1.00	21.0	119.0	55.857142857142854
15041	27.00	33.0	33.0	33.0
15096	7.00	4.0	44.0	21.285714285714285
15249	55.00	1.0	34.0	14.571428571428571
15295	25.00	7.0	37.0	22.0
15304	61.00	1.0	406.0	35.37864077669903
15323	1.00	10.0	78.0	44.0
15356	29.00	3.0	95.0	29.333333333333332
15370	20.00	2.0	89.0	27.529411764705884
15376	15.00	1.0	167.0	26.0
15380	78.00	104.0	104.0	104.0
15389	4.00	1.0	32.0	13.333333333333334
15411	9.00	56.0	70.0	63.0
15412	5.00	5.0	139.0	50.09090909090909
15582	7.00	19.0	19.0	19.0
15607	50.00	20.0	20.0	20.0
15624	6.00	1.0	31.0	12.0
15919	20.00	1.0	119.0	31.176470588235293
15991	3.00	20.0	41.0	30.5
16218	5.00	1.0	24.0	13.4
