10135	23.00	11.0	13.0	12.0
10136	7.00	3.0	76.0	33.4
10140	8.00	1.0	126.0	22.685714285714287
10155	29.00	8.0	74.0	44.666666666666664
10158	137.00	19.0	123.0	67.0
10185	17.00	3.0	3.0	3.0
10208	2.00	3.0	9.0	6.0
10257	9.00	4.0	115.0	30.166666666666668
10279	58.00	2.0	95.0	34.22222222222222
10299	375.00	3.0	160.0	31.583333333333332
10372	8.00	5.0	136.0	42.8421052631579
10397	3.00	1.0	424.0	32.109170305676855
10408	146.00	3.0	108.0	36.0
10423	16.00	1.0	194.0	20.746268656716417
10431	2.00	1.0	75.0	26.666666666666668
10434	1.00	15.0	20.0	17.5
10469	64.00	39.0	122.0	81.66666666666667
10529	2.00	1.0	205.0	25.25
10561	6.00	3.0	96.0	46.0
10599	1.00	1.0	103.0	26.695652173913043
10620	5.00	5.0	16.0	10.5
10627	5.00	3.0	90.0	31.0
10685	66.00	20.0	241.0	75.33333333333333
10693	108.00	1.0	391.0	31.925925925925927
10713	2.00	1.0	122.0	26.90625
10721	65.00	1.0	223.0	33.27918781725889
10728	14.00	18.0	18.0	18.0
10732	5.00	3.0	109.0	39.0
10747	8.00	6.0	20.0	12.333333333333334
10754	26.00	2.0	22.0	12.0
10779	12.00	9.0	9.0	9.0
10781	1.00	1.0	200.0	54.333333333333336
10785	61.00	87.0	89.0	88.0
10792	1.00	1.0	86.0	19.666666666666668
10800	22.00	1.0	192.0	37.43333333333333
10821	3.00	1.0	234.0	29.751724137931035
10849	24.00	12.0	214.0	97.2
10868	4.00	2.0	119.0	26.823529411764707
10874	17.00	2.0	29.0	16.4
10926	151.00	1.0	1.0	1.0
10980	34.00	10.0	124.0	46.8
10990	2.00	15.0	173.0	97.66666666666667
10994	2.00	1.0	198.0	25.066666666666666
11003	148.00	5.0	109.0	39.95652173913044
11041	24.00	1.0	21.0	11.0
11042	182.00	1.0	208.0	39.17910447761194
11049	38.00	1.0	21.0	8.0
11057	11.00	1.0	242.0	25.765060240963855
11066	68.00	1.0	315.0	38.48717948717949
11067	129.00	6.0	125.0	44.285714285714285
11109	35.00	4.0	106.0	31.533333333333335
11111	39.00	3.0	3.0	3.0
11122	98.00	5.0	5.0	5.0
11140	30.00	3.0	32.0	13.076923076923077
11146	1.00	1.0	20.0	9.75
11150	46.00	31.0	31.0	31.0
11193	107.00	1.0	179.0	27.682926829268293
11203	6.00	43.0	89.0	66.0
11252	21.00	49.0	49.0	49.0
11259	10.00	1.0	152.0	28.122448979591837
11267	4.00	3.0	218.0	35.38461538461539
11274	9.00	30.0	83.0	56.5
11278	17.00	1.0	228.0	33.48837209302326
11292	15.00	1.0	420.0	39.068249258160236
11298	23.00	1.0	1201.0	42.26239669421488
11337	177.00	2.0	79.0	36.333333333333336
11413	22.00	40.0	40.0	40.0
11423	63.00	3.0	167.0	38.8
11433	47.00	1.0	514.0	35.79190751445087
11481	7.00	4.0	24.0	11.6
11503	41.00	13.0	64.0	37.166666666666664
11525	10.00	11.0	59.0	35.0
11537	21.00	1.0	48.0	22.0
11540	16.00	2.0	104.0	18.346153846153847
11577	34.00	70.0	70.0	70.0
11603	25.00	3.0	37.0	16.9
11612	101.00	1.0	43.0	20.5
11618	2.00	1.0	220.0	36.30864197530864
11630	2.00	17.0	17.0	17.0
11637	10.00	1.0	127.0	35.46153846153846
11638	8.00	3.0	74.0	27.3125
11641	41.00	9.0	10.0	9.5
11648	27.00	5.0	77.0	41.0
11697	11.00	1.0	254.0	29.401869158878505
11721	18.00	27.0	27.0	27.0
11775	26.00	1.0	165.0	43.77777777777778
11778	10.00	4.0	93.0	28.0
11823	29.00	7.0	129.0	44.4
11865	56.00	8.0	42.0	22.333333333333332
11884	13.00	1.0	60.0	20.615384615384617
11921	24.00	5.0	14.0	9.5
11973	21.00	7.0	19.0	12.333333333333334
11977	1.00	2.0	73.0	27.571428571428573
11980	9.00	7.0	7.0	7.0
11982	20.00	6.0	42.0	17.0
11986	11.00	2.0	141.0	35.592592592592595
11995	12.00	1.0	176.0	32.05882352941177
11996	54.00	8.0	134.0	45.25
12003	51.00	1.0	89.0	34.2
12007	42.00	11.0	11.0	11.0
12094	18.00	2.0	20.0	10.75
12129	19.00	18.0	18.0	18.0
12173	20.00	1.0	151.0	22.0126582278481
12177	73.00	2.0	2.0	2.0
12191	1.00	1.0	143.0	22.4
12197	1.00	1.0	233.0	43.64705882352941
12206	15.00	10.0	33.0	18.666666666666668
12217	138.00	3.0	159.0	75.14285714285714
12255	15.00	13.0	13.0	13.0
12264	11.00	1.0	256.0	27.294117647058822
12265	38.00	26.0	26.0	26.0
12266	34.00	1.0	355.0	32.08873720136519
12278	29.00	1.0	162.0	44.6875
12280	103.00	27.0	94.0	59.333333333333336
12335	114.00	69.0	69.0	69.0
12339	11.00	1.0	262.0	38.94
12389	10.00	5.0	55.0	22.666666666666668
12391	20.00	2.0	59.0	21.0
12402	1.00	1.0	44.0	10.5
12441	7.00	2.0	80.0	27.5
12448	4.00	3.0	47.0	22.454545454545453
12451	6.00	1.0	107.0	29.73076923076923
12478	126.00	1.0	395.0	40.16860465116279
12511	32.00	12.0	47.0	29.5
12523	4.00	2.0	5.0	3.5
12758	2.00	1.0	45.0	15.235294117647058
12819	5.00	4.0	43.0	14.5
12884	25.00	11.0	11.0	11.0
12889	58.00	1.0	251.0	29.94148936170213
12891	12.00	35.0	35.0	35.0
12892	9.00	1.0	462.0	36.89556962025316
12896	2.00	2.0	81.0	29.181818181818183
12898	2.00	27.0	27.0	27.0
12915	7.00	43.0	43.0	43.0
12945	16.00	3.0	125.0	41.333333333333336
12951	4.00	2.0	70.0	27.0
12953	38.00	1.0	331.0	39.39150943396226
12954	11.00	1.0	120.0	38.42857142857143
12982	12.00	3.0	72.0	15.666666666666666
12992	48.00	1.0	138.0	23.653846153846153
13029	8.00	1.0	123.0	47.5
13061	9.00	7.0	32.0	19.5
13158	4.00	3.0	153.0	29.571428571428573
13184	19.00	6.0	81.0	42.0
13198	5.00	1.0	226.0	23.6
13204	4.00	1.0	303.0	32.87096774193548
13230	29.00	1.0	124.0	42.0
13232	34.00	1.0	182.0	24.64885496183206
13244	2.00	2.0	188.0	29.952380952380953
13256	30.00	1.0	142.0	46.714285714285715
13264	8.00	33.0	33.0	33.0
13277	11.00	18.0	60.0	38.0
13290	4.00	2.0	111.0	39.666666666666664
13296	1.00	2.0	94.0	25.8
13303	74.00	1.0	175.0	30.58219178082192
13342	5.00	1.0	88.0	16.367346938775512
13367	8.00	2.0	152.0	38.42857142857143
13377	40.00	7.0	115.0	34.2
13422	34.00	8.0	100.0	40.333333333333336
13433	8.00	2.0	61.0	24.25
13476	98.00	4.0	186.0	49.42857142857143
13485	23.00	2.0	159.0	38.38461538461539
13487	1.00	1.0	371.0	28.072847682119207
13495	18.00	1.0	199.0	28.36
13502	5.00	22.0	137.0	61.0
13577	7.00	7.0	87.0	28.5
13796	4.00	2.0	165.0	30.721311475409838
13830	73.00	1.0	261.0	24.70967741935484
13851	21.00	1.0	150.0	30.09090909090909
13871	1.00	1.0	140.0	40.291666666666664
13891	53.00	1.0	97.0	26.714285714285715
13930	11.00	1.0	529.0	44.598566308243726
13931	96.00	1.0	166.0	37.23076923076923
14025	13.00	9.0	9.0	9.0
14027	74.00	1.0	141.0	28.428571428571427
14057	6.00	1.0	185.0	30.29850746268657
14098	16.00	7.0	15.0	10.333333333333334
14100	8.00	1.0	336.0	30.689655172413794
14107	10.00	1.0	210.0	26.845070422535212
14108	20.00	2.0	137.0	58.375
14113	3.00	2.0	2.0	2.0
14122	12.00	1.0	128.0	23.0
14193	1.00	1.0	176.0	46.0
14252	114.00	5.0	5.0	5.0
14256	4.00	19.0	19.0	19.0
14262	143.00	1.0	110.0	16.575757575757574
14307	83.00	2.0	95.0	29.88888888888889
14321	16.00	2.0	41.0	18.6
14457	78.00	2.0	30.0	13.4
14489	2.00	7.0	98.0	31.75
14492	1.00	1.0	165.0	31.339285714285715
14524	10.00	1.0	175.0	35.714285714285715
14543	4.00	12.0	138.0	75.0
14570	2.00	1.0	149.0	28.0
14574	4.00	17.0	17.0	17.0
14576	53.00	2.0	163.0	29.647058823529413
14633	11.00	9.0	179.0	55.0
14635	1.00	1.0	484.0	41.42857142857143
14674	3.00	13.0	22.0	17.5
14679	14.00	1.0	267.0	22.547826086956523
14683	5.00	1.0	391.0	44.68627450980392
14685	25.00	8.0	201.0	34.1
14689	25.00	2.0	112.0	36.54545454545455
14696	1.00	1.0	168.0	78.0
14698	6.00	1.0	123.0	35.375
14709	11.00	12.0	12.0	12.0
14711	6.00	3.0	33.0	21.0
14730	86.00	2.0	96.0	18.846153846153847
14747	23.00	1.0	348.0	30.048192771084338
14771	38.00	1.0	283.0	43.601990049751244
14783	12.00	3.0	200.0	45.7
14794	27.00	3.0	9.0	6.666666666666667
14814	32.00	8.0	63.0	31.0
14828	81.00	5.0	5.0	5.0
14831	1.00	1.0	187.0	29.84375
14842	5.00	31.0	31.0	31.0
14843	8.00	1.0	198.0	39.80487804878049
14869	21.00	1.0	167.0	27.710743801652892
14893	4.00	1.0	135.0	28.586206896551722
14908	40.00	1.0	82.0	18.636363636363637
14952	1.00	24.0	24.0	24.0
14986	1.00	5.0	178.0	91.5
15016	32.00	1.0	383.0	34.65822784810127
15024	90.00	3.0	117.0	27.7
15070	189.00	41.0	41.0	41.0
15096	78.00	4.0	110.0	44.0
15249	30.00	4.0	55.0	18.25
15295	4.00	40.0	40.0	40.0
15304	5.00	1.0	197.0	30.82905982905983
15323	78.00	10.0	56.0	33.0
15356	29.00	1.0	81.0	26.0
15370	2.00	1.0	133.0	32.111111111111114
15376	10.00	1.0	167.0	31.344827586206897
15380	223.00	6.0	24.0	15.0
15389	7.00	1.0	4.0	2.5
15411	14.00	4.0	149.0	42.8
15412	20.00	2.0	239.0	36.375
15582	7.00	3.0	3.0	3.0
15624	8.00	1.0	31.0	13.375
15919	6.00	1.0	116.0	32.588235294117645
15991	3.00	41.0	41.0	41.0
16218	12.00	1.0	15.0	7.0
